143,35
3,2
3,1
3,3
10,78
10,298
10,109
10,234
10,72
10,195
10,117
10,90
10,2
10,3
9,5
9,7
9,2
9,3
8,18
8,15
8,17
8,14
8,2
8,3
37,5
37,4
37,3
37,2
37,1
37,0
36,4
36,3
36,1
35,4
35,3
35,1
34,5
34,4
34,3
34,2
34,1
34,0
33,6
33,5
33,4
33,3
33,2
33,1
33,0
32,3
32,1
31,3
31,1
30,4
30,1
29,5
29,3
29,1
28,4
28,3
28,1
27,3
27,1
24,4
24,3
24,2
24,1
24,0
20,3
20,2
20,1
19,3
19,2
19,1
18,3
18,1
14,3
14,1
2,2
13,3
13,1
12,3
12,2
12,1
11,30
11,29
11,28
11,27
11,26
11,25
11,24
11,23
2,1
11,22
11,21
11,20
11,19
11,18
11,17
11,16
11,15
11,14
11,13
11,12
11,11
11,10
11,9
11,8
11,7
11,6
11,5
11,4
11,3
11,2
2,3
